# 焦距
focal_length: 887.1085

# 相机外参
# 格式: view_id roll pitch yaw tx ty tz
0 -2.088938 1.075082 -1.554518 0.133946 -0.139185 -2.191602
1 -1.985448 1.081949 -1.450996 0.131371 -0.138414 -2.186596
2 -1.879757 1.084733 -1.345337 0.128298 -0.137692 -2.181189
3 -1.773738 1.081204 -1.239751 0.125289 -0.137442 -2.176895
4 -1.669785 1.073054 -1.137174 0.121787 -0.137226 -2.172094
5 -1.570360 1.059855 -1.039122 0.118006 -0.137055 -2.167568
6 -1.476030 1.041994 -0.947202 0.113935 -0.137118 -2.163501
7 -1.388103 1.020172 -0.862099 0.109589 -0.137284 -2.159447
8 -1.307213 0.994615 -0.784672 0.105025 -0.137611 -2.155714
9 -1.232917 0.965887 -0.714416 0.100129 -0.138032 -2.152197
10 -1.165275 0.934060 -0.651419 0.095016 -0.138651 -2.149119
11 -1.103632 0.900575 -0.594888 0.089646 -0.139317 -2.145734
12 -1.047540 0.864829 -0.544578 0.084075 -0.140116 -2.143039
13 -0.996389 0.827317 -0.499902 0.078254 -0.141049 -2.140476
14 -0.949637 0.788356 -0.460157 0.072327 -0.142104 -2.138339
15 -0.906729 0.748196 -0.425030 0.066118 -0.143220 -2.136456
16 -0.867259 0.706873 -0.393778 0.059829 -0.144435 -2.134808
17 -0.830625 0.664799 -0.366310 0.053298 -0.145741 -2.133531
18 -0.796598 0.621851 -0.342168 0.046716 -0.147082 -2.132659
19 -0.764643 0.578208 -0.321098 0.040021 -0.148495 -2.132092
20 -0.734930 0.534187 -0.302445 0.033253 -0.149927 -2.132014
21 -0.706558 0.489622 -0.286565 0.026328 -0.151453 -2.132122
22 -0.679847 0.444806 -0.272735 0.019452 -0.152915 -2.132600
23 -0.654053 0.399470 -0.261276 0.012386 -0.154441 -2.133548
24 -0.629511 0.354112 -0.251574 0.005451 -0.155980 -2.134867
25 -0.605777 0.308518 -0.243804 -0.001652 -0.157512 -2.136312
26 -0.582548 0.262653 -0.237848 -0.008768 -0.158992 -2.138413
27 -0.560055 0.216834 -0.233416 -0.015643 -0.160469 -2.140719
28 -0.537804 0.170724 -0.230849 -0.022768 -0.161882 -2.143478
29 -0.515860 0.124694 -0.229810 -0.029783 -0.163194 -2.146490
30 -0.494159 0.078702 -0.230262 -0.036587 -0.164523 -2.149900
31 -0.472617 0.032781 -0.232188 -0.043367 -0.165769 -2.153701
32 -0.450943 -0.013050 -0.235654 -0.050025 -0.166891 -2.157813
33 -0.429059 -0.058914 -0.240887 -0.056667 -0.167895 -2.162256
34 -0.406861 -0.104517 -0.247537 -0.063048 -0.168821 -2.167099
35 -0.383941 -0.149854 -0.255771 -0.069295 -0.169612 -2.172193
36 -0.360541 -0.194889 -0.265584 -0.075296 -0.170334 -2.177582
37 -0.336346 -0.239711 -0.277149 -0.081149 -0.170896 -2.183290
38 -0.311485 -0.284154 -0.290621 -0.086930 -0.171289 -2.189407
39 -0.285597 -0.328194 -0.305781 -0.092312 -0.171504 -2.195681
40 -0.258700 -0.371709 -0.323026 -0.097569 -0.171552 -2.202291
41 -0.230375 -0.414825 -0.342474 -0.102573 -0.171499 -2.209044
42 -0.200893 -0.456933 -0.363877 -0.107401 -0.171096 -2.216223
43 -0.169206 -0.498782 -0.388105 -0.111795 -0.170808 -2.223184
44 -0.135755 -0.539540 -0.414580 -0.115805 -0.170222 -2.230660
45 -0.100495 -0.579379 -0.444054 -0.119707 -0.169428 -2.238523
46 -0.062825 -0.618332 -0.476352 -0.123356 -0.168396 -2.245994
47 -0.022451 -0.656013 -0.511999 -0.126631 -0.167239 -2.254093
48 0.020751 -0.692330 -0.551158 -0.129639 -0.165888 -2.262036
49 0.066972 -0.727160 -0.594013 -0.132288 -0.164275 -2.270033
