[{"id": 0, "img_name": "r_0.png", "width": 800, "height": 800, "position": [-0.045028386337858065, -2.420906995627026, 0.5185499543146589], "rotation": [[-0.99952811857511, 0.023651474620711828, -0.019599691986511042], [-0.027409476742603057, -0.39871431578456135, 0.9166654869542898], [0.013865812720391934, 0.9167701468398252, 0.39917444444865]], "fy": 1110.2802384313484, "fx": 1110.02258519782}, {"id": 1, "img_name": "r_1.png", "width": 800, "height": 800, "position": [1.981655402219234e-05, 0.20994803735049639, -1.8699617183047845], "rotation": [[0.9233410109494335, 0.38279299060257194, -0.03018118361524809], [-0.3556831732885915, 0.8822634288780528, 0.3083840500150726], [0.14467500730338964, -0.27400870133972066, 0.9507830319541278]], "fy": 1110.2802384313484, "fx": 1110.02258519782}, {"id": 2, "img_name": "r_10.png", "width": 800, "height": 800, "position": [1.1972132495539385, -2.577407220765279, 2.3435049785947], "rotation": [[-0.9450248702473343, 0.1151246659615154, -0.30606258494180355], [-0.30082598520291715, 0.06083025782493371, 0.9517370468567704], [0.12818627555516035, 0.9914867578642701, -0.022853615449090363]], "fy": 1110.2802384313484, "fx": 1110.02258519782}, {"id": 3, "img_name": "r_11.png", "width": 800, "height": 800, "position": [-2.0453322449964517, -2.333444334722115, 2.0038580804372903], "rotation": [[-0.8766028572088723, -0.18910610929760072, 0.4425000679769052], [0.4448206892538584, 0.03237180669246464, 0.8950344242224365], [-0.18358100431407406, 0.9814229188060515, 0.055741091640246224]], "fy": 1110.2802384313484, "fx": 1110.02258519782}, {"id": 4, "img_name": "r_12.png", "width": 800, "height": 800, "position": [3.219942868910506, 0.1496616095328385, -0.1128344464502244], "rotation": [[-0.11327596206060131, 0.6227668531129087, -0.7741640672900608], [-0.917465138197415, 0.23349990612727636, 0.32207998079817274], [0.38134797313168384, 0.7467524626691217, 0.5449169504483767]], "fy": 1110.2802384313484, "fx": 1110.02258519782}, {"id": 5, "img_name": "r_13.png", "width": 800, "height": 800, "position": [3.8168046842619163, 0.8871969984872274, 0.5913768427988763], "rotation": [[0.007009080499128953, 0.41067316562449313, -0.9117556820917071], [-0.9234346937256357, 0.3525083611820201, 0.15167801989941548], [0.38369159388029034, 0.8408837055935404, 0.3817006083999321]], "fy": 1110.2802384313484, "fx": 1110.02258519782}, {"id": 6, "img_name": "r_14.png", "width": 800, "height": 800, "position": [0.9786707302981402, 3.86536460849385, -1.2356678260396143], "rotation": [[0.9523149112510423, 0.16551989706853895, -0.2563190852889032], [-0.2825677627463917, 0.7953788908035965, -0.5362162618948996], [0.11511632927355972, 0.5830742523370936, 0.8042217648112493]], "fy": 1110.2802384313484, "fx": 1110.02258519782}, {"id": 7, "img_name": "r_15.png", "width": 800, "height": 800, "position": [-0.17322933281868014, -0.46707937948444794, -1.5868934678354971], "rotation": [[-0.9976487635982298, -0.0678234187480268, 0.009845220172887255], [0.0646212034743818, -0.883083660560586, 0.46474439051207267], [-0.0228264003391986, 0.46428787655962456, 0.8853901530553122]], "fy": 1110.2802384313484, "fx": 1110.02258519782}, {"id": 8, "img_name": "r_16.png", "width": 800, "height": 800, "position": [-2.591580304190105, -1.4496469394196256, 0.3215269720803282], "rotation": [[-0.6359476426101581, -0.5214621251674874, 0.5689005606205619], [0.7128757169687805, -0.1145779043239508, 0.6918671230785417], [-0.2955990663294272, 0.8455466609575953, 0.444603234500866]], "fy": 1110.2802384313484, "fx": 1110.02258519782}, {"id": 9, "img_name": "r_17.png", "width": 800, "height": 800, "position": [2.6929190858624192, -1.72949559400708, 2.5114293032741313], "rotation": [[-0.741572542184801, 0.15790370517482416, -0.6520249876880743], [-0.6187833901427641, 0.21449524338724754, 0.7557108618034233], [0.2591858035483407, 0.9638766572836523, -0.06135559292104749]], "fy": 1110.2802384313484, "fx": 1110.02258519782}, {"id": 10, "img_name": "r_18.png", "width": 800, "height": 800, "position": [2.8179246568667278, 3.5960510242271533, -0.16800142895326506], "rotation": [[0.6908654420759595, 0.24180478102316755, -0.6813482140723105], [-0.6682606446662752, 0.5732384806112718, -0.47415752143849266], [0.2759214593600922, 0.7828972424404231, 0.5576192751723872]], "fy": 1110.2802384313484, "fx": 1110.02258519782}, {"id": 11, "img_name": "r_19.png", "width": 800, "height": 800, "position": [0.7108123052752916, 0.7416536199775863, -1.9255466880657741], "rotation": [[0.7098265591909884, 0.6770375416974019, -0.19433585103994874], [-0.6511626366668128, 0.7359308404323829, 0.1854535486573679], [0.2685767608640157, -0.005095609171155997, 0.963244807040748]], "fy": 1110.2802384313484, "fx": 1110.02258519782}, {"id": 12, "img_name": "r_2.png", "width": 800, "height": 800, "position": [-4.392705474267171, 0.9561524343490392, 1.810390468603468], "rotation": [[-0.0875628947444797, -0.1446761241056669, 0.9855970569039503], [0.9195176922057635, 0.36883136685501594, 0.13583312020434143], [-0.38317091902250805, 0.9181678724163802, 0.10073631360052929]], "fy": 1110.2802384313484, "fx": 1110.02258519782}, {"id": 13, "img_name": "r_20.png", "width": 800, "height": 800, "position": [0.33066725671386743, -2.729193243699258, 1.7182569420007878], "rotation": [[-0.9923233894221302, 0.0630130471256699, -0.10641262471019766], [-0.11314196940458121, -0.1151616391518602, 0.9868823089037059], [0.04993180915036103, 0.9913461316612855, 0.12140700834456437]], "fy": 1110.2802384313484, "fx": 1110.02258519782}, {"id": 14, "img_name": "r_21.png", "width": 800, "height": 800, "position": [2.9744440316773466, -0.6550024641599913, 0.17766673584294776], "rotation": [[-0.36904874674605637, 0.5913067491358424, -0.7170490575627074], [-0.8577109539899778, 0.08046267932942495, 0.507796885221574], [0.35795941380380986, 0.8024226353122974, 0.47747562493566176]], "fy": 1110.2802384313484, "fx": 1110.02258519782}, {"id": 15, "img_name": "r_22.png", "width": 800, "height": 800, "position": [-0.06488575875804548, 0.427409863222289, -1.9360041095110176], "rotation": [[0.9899014174077924, 0.14094122687539984, -0.0151906017293904], [-0.1322971374619218, 0.9570102956282078, 0.2581254762339268], [0.050918083560020776, -0.253509101667903, 0.9659919689821999]], "fy": 1110.2802384313484, "fx": 1110.02258519782}, {"id": 16, "img_name": "r_23.png", "width": 800, "height": 800, "position": [-1.1405844426979426, -2.6241891680198646, 2.843556760590068], "rotation": [[-0.9707588463106802, -0.055895016213975766, 0.2334587960904373], [0.22255005485683038, 0.15503002675675245, 0.9625160590281194], [-0.08999297413008844, 0.9863272468943761, -0.13805733099325493]], "fy": 1110.2802384313484, "fx": 1110.02258519782}, {"id": 17, "img_name": "r_24.png", "width": 800, "height": 800, "position": [-4.0362775530197945, 2.397043935823465, 0.583172143626601], "rotation": [[0.34347321125981106, -0.2613692279547462, 0.9020600200791592], [0.8663836724774647, 0.45891377473768485, -0.1969199822782615], [-0.3624989451175474, 0.849166811665617, 0.3840706194885467]], "fy": 1110.2802384313484, "fx": 1110.02258519782}, {"id": 18, "img_name": "r_25.png", "width": 800, "height": 800, "position": [-3.7267998349131193, 0.042938505761571384, 0.3682366106535219], "rotation": [[-0.1817566401639912, -0.5250058717210947, 0.8314645863863779], [0.907899142637933, 0.23520870622850013, 0.34698128380594395], [-0.37773492101419903, 0.8179521374583529, 0.43390163663405135]], "fy": 1110.2802384313484, "fx": 1110.02258519782}, {"id": 19, "img_name": "r_26.png", "width": 800, "height": 800, "position": [-2.5224570123679815, 4.320260623092304, -0.05812779119604873], "rotation": [[0.822111527805071, -0.1371653497153091, 0.5525561534246893], [0.5244814442879783, 0.5600222216057399, -0.6413223260618391], [-0.2214765234683088, 0.8170439266925913, 0.5323414049340357]], "fy": 1110.2802384313484, "fx": 1110.02258519782}, {"id": 20, "img_name": "r_27.png", "width": 800, "height": 800, "position": [2.182826448035198, -1.479570665348222, 0.18873245409763395], "rotation": [[-0.6537811867438794, 0.5355760967509451, -0.534535690528506], [-0.6983073081097166, -0.1549628768140874, 0.6988228747329778], [0.29143963920566085, 0.8301474275082252, 0.47530851591482143]], "fy": 1110.2802384313484, "fx": 1110.02258519782}, {"id": 21, "img_name": "r_28.png", "width": 800, "height": 800, "position": [-3.9981460187788884, -0.27363086076353016, 1.5852598806480036], "rotation": [[-0.3454629711275622, -0.28387563674864685, 0.8944662981019835], [0.8662078001688113, 0.27022761236046483, 0.42031069989315123], [-0.3610254596374404, 0.9199954675858529, 0.15254165698281294]], "fy": 1110.2802384313484, "fx": 1110.02258519782}, {"id": 22, "img_name": "r_29.png", "width": 800, "height": 800, "position": [0.4582558909262775, -2.6635023024112474, 1.4071473304191862], "rotation": [[-0.9863645553297342, 0.09297631161447469, -0.13579532196560978], [-0.15090378222247233, -0.18168778739278374, 0.9717085964543419], [0.0656735296761804, 0.9789509453444961, 0.19324087070024598]], "fy": 1110.2802384313484, "fx": 1110.02258519782}, {"id": 23, "img_name": "r_3.png", "width": 800, "height": 800, "position": [2.915788192183124, -1.4966611032802317, 1.772856997656485], "rotation": [[-0.6522547135037958, 0.2815873520811332, -0.7037558893963278], [-0.6993346037495739, 0.13458961285418686, 0.7020090797918404], [0.2923951106132029, 0.9500495772641003, 0.10913706991575693]], "fy": 1110.2802384313484, "fx": 1110.02258519782}, {"id": 24, "img_name": "r_30.png", "width": 800, "height": 800, "position": [-0.5557141938226879, -2.565512513356812, 0.9552541801489476], "rotation": [[-0.9920270313518381, -0.07861049291846857, 0.09850258611008099], [0.11734322787786469, -0.29107911411803483, 0.9494753899893684], [-0.04596668291776162, 0.9534638638812565, 0.29798275845116057]], "fy": 1110.2802384313484, "fx": 1110.02258519782}, {"id": 25, "img_name": "r_31.png", "width": 800, "height": 800, "position": [-2.139468715981699, 4.378916668780183, -0.33205777138223913], "rotation": [[0.874130585377045, -0.14249102627711846, 0.4643188851843938], [0.4472729018562624, 0.6088114523684713, -0.6552065069350815], [-0.1893216072545945, 0.7804133026130999, 0.5959130860545444]], "fy": 1110.2802384313484, "fx": 1110.02258519782}, {"id": 26, "img_name": "r_32.png", "width": 800, "height": 800, "position": [-1.3936026805386406, 5.0848677247689045, 0.10611895552833298], "rotation": [[0.9556346112898685, -0.038729723071000866, 0.29199742850872107], [0.2706421316271859, 0.5067068712496317, -0.8185358777822155], [-0.11625543554240826, 0.8612480218724758, 0.4947085187538135]], "fy": 1110.2802384313484, "fx": 1110.02258519782}, {"id": 27, "img_name": "r_33.png", "width": 800, "height": 800, "position": [1.7942838073652116, -1.936816023650514, 0.5187419471153475], "rotation": [[-0.7969785102463897, 0.40950023667481944, -0.4439986603231058], [-0.556807522960972, -0.21323296320207763, 0.8028057584360793], [0.2340739980850338, 0.8870407316281076, 0.3979549017830528]], "fy": 1110.2802384313484, "fx": 1110.02258519782}, {"id": 28, "img_name": "r_34.png", "width": 800, "height": 800, "position": [-0.7146909454312671, -2.6718339564966977, 3.051296381817611], "rotation": [[-0.9904875249731369, -0.025072851121816335, 0.1352989837700663], [0.12811143921582197, 0.19081507079522747, 0.9732302234823285], [-0.050218741667231996, 0.9813057428212858, -0.1857878281570789]], "fy": 1110.2802384313484, "fx": 1110.02258519782}, {"id": 29, "img_name": "r_35.png", "width": 800, "height": 800, "position": [0.4630094171179659, -1.323993281090254, -0.9362963320710621], "rotation": [[-0.9196079738383971, 0.3680897138636797, -0.13722658999112491], [-0.36130795680698174, -0.6553975759680231, 0.6632575500989066], [0.15420030739529075, 0.6595179906287575, 0.7357025793323032]], "fy": 1110.2802384313484, "fx": 1110.02258519782}, {"id": 30, "img_name": "r_36.png", "width": 800, "height": 800, "position": [0.061778818255753515, -0.4336538007544054, -1.5999291556416662], "rotation": [[-0.851214122977435, 0.5229358565608523, -0.044414037946608524], [-0.4827780306519864, -0.7470308745298294, 0.45702324406859995], [0.20581518399657686, 0.410466761653322, 0.8883451736877338]], "fy": 1110.2802384313484, "fx": 1110.02258519782}, {"id": 31, "img_name": "r_37.png", "width": 800, "height": 800, "position": [3.097966911623056, -0.6732711463658907, 0.3997521558616071], "rotation": [[-0.3820278900988055, 0.5458777513055936, -0.7457024686939175], [-0.852833506745657, 0.10258492194867198, 0.5120071713957622], [0.3559911529217538, 0.8315610707689081, 0.42635253561238173]], "fy": 1110.2802384313484, "fx": 1110.02258519782}, {"id": 32, "img_name": "r_38.png", "width": 800, "height": 800, "position": [-2.376935105527902, -0.5993878350243518, -0.7678468906101146], "rotation": [[-0.34249998589346425, -0.7830125468177066, 0.5192158618426687], [0.8671611561574724, -0.050787023029178646, 0.4954313348421446], [-0.361559523335525, 0.6199290522454018, 0.6963926200553143]], "fy": 1110.2802384313484, "fx": 1110.02258519782}, {"id": 33, "img_name": "r_39.png", "width": 800, "height": 800, "position": [-0.1495458073440076, 1.3375977654346558, -2.079005724391329], "rotation": [[0.9999902420234589, 0.000596629897031545, 0.004377201232509306], [-0.0008052943069968362, 0.9988554075659015, 0.04782495454713805], [-0.0043436573233890515, -0.04782801280758662, 0.998846141220926]], "fy": 1110.2802384313484, "fx": 1110.02258519782}, {"id": 34, "img_name": "r_4.png", "width": 800, "height": 800, "position": [0.09485755229574745, 1.9031447661053353, -2.06163778038881], "rotation": [[0.9930792830429307, 0.10523694985569267, -0.05214136530633831], [-0.10931941622621018, 0.9905465575557719, -0.08286605185701813], [0.04292787936643514, 0.08799262298329234, 0.9951957071217807]], "fy": 1110.2802384313484, "fx": 1110.02258519782}, {"id": 35, "img_name": "r_40.png", "width": 800, "height": 800, "position": [-1.0804261467385832, -2.082853255182093, 0.08396903884033163], "rotation": [[-0.936282419337535, -0.27417328837312344, 0.21955463826146024], [0.32485889137490265, -0.4382219331631174, 0.8381099199922704], [-0.13357369476855005, 0.8560318599429863, 0.49936712229423924]], "fy": 1110.2802384313484, "fx": 1110.02258519782}, {"id": 36, "img_name": "r_41.png", "width": 800, "height": 800, "position": [-0.7866067746602021, 2.4351542613391417, -1.9381511846930286], "rotation": [[0.9666850707363129, -0.2062278499930751, 0.15162469423798808], [0.23494455248585402, 0.9499677072039234, -0.20582131213006724], [-0.10159247645742009, 0.23458778560904336, 0.9667717101623806]], "fy": 1110.2802384313484, "fx": 1110.02258519782}, {"id": 37, "img_name": "r_42.png", "width": 800, "height": 800, "position": [-1.0909694001827819, -2.622087493127773, 1.5479638550419397], "rotation": [[-0.9661549759463652, -0.13151056300878175, 0.22192236090847461], [0.23912063917335513, -0.13382731769580142, 0.9617232288759969], [-0.09677748899100504, 0.982239899849044, 0.16074481879406147]], "fy": 1110.2802384313484, "fx": 1110.02258519782}, {"id": 38, "img_name": "r_43.png", "width": 800, "height": 800, "position": [2.189353344223495, 2.4556079858215782, -1.2939124208930124], "rotation": [[0.6865876421909513, 0.4912677983897214, -0.53596022227026], [-0.6722143929531152, 0.7097919060918866, -0.21053090023348403], [0.276993175903929, 0.5048280898600658, 0.8175716361218095]], "fy": 1110.2802384313484, "fx": 1110.02258519782}, {"id": 39, "img_name": "r_44.png", "width": 800, "height": 800, "position": [2.640150146298843, -1.7655965203920683, 2.6039412326115206], "rotation": [[-0.7550142987637798, 0.14319917293063894, -0.6398807744683522], [-0.6049319973436941, 0.22441566675515903, 0.7639992716649711], [0.2530033344681571, 0.963914729313137, -0.08281127556785578]], "fy": 1110.2802384313484, "fx": 1110.02258519782}, {"id": 40, "img_name": "r_45.png", "width": 800, "height": 800, "position": [-3.026362753857973, -0.7906765572966218, 0.03499116974992872], "rotation": [[-0.41132480317330994, -0.6187788271224397, 0.6692717455558801], [0.8415924601091467, 0.02416469201631724, 0.5395722368202334], [-0.35004862145403615, 0.7851934989317817, 0.5108200581940718]], "fy": 1110.2802384313484, "fx": 1110.02258519782}, {"id": 41, "img_name": "r_46.png", "width": 800, "height": 800, "position": [3.2157291245572357, -0.904339171636385, 1.0076763202317485], "rotation": [[-0.4700246469134933, 0.42542687810061774, -0.7733620126974223], [-0.8145172034455307, 0.12850486134932274, 0.5657280494202698], [0.3400566961333328, 0.8958227905111329, 0.2861170589386951]], "fy": 1110.2802384313484, "fx": 1110.02258519782}, {"id": 42, "img_name": "r_47.png", "width": 800, "height": 800, "position": [-2.3559369392621377, 0.5579359838701019, -1.3306161106900087], "rotation": [[0.20766953056157408, -0.8320328669674801, 0.5143876693333646], [0.902147456723381, 0.3661925088243727, 0.22810745890576864], [-0.37815781415153993, 0.41668255875040794, 0.8266633612476981]], "fy": 1110.2802384313484, "fx": 1110.02258519782}, {"id": 43, "img_name": "r_48.png", "width": 800, "height": 800, "position": [-0.4333577477872807, -1.2868354754929419, -1.0129558414470758], "rotation": [[-0.978462932502124, -0.19419376539757513, 0.06999336540026396], [0.19197586276964781, -0.7314554469475995, 0.654307417995957], [-0.07586539285598333, 0.6536525916810844, 0.7529825572716867]], "fy": 1110.2802384313484, "fx": 1110.02258519782}, {"id": 44, "img_name": "r_49.png", "width": 800, "height": 800, "position": [2.776455800924995, -0.6420487316090727, -0.11101116106555049], "rotation": [[-0.3563035557148973, 0.6503924557405557, -0.6708482911215399], [-0.8621531751374253, 0.047927019950902844, 0.504375756117482], [0.3601939460698599, 0.7580848595470003, 0.543661353178822]], "fy": 1110.2802384313484, "fx": 1110.02258519782}, {"id": 45, "img_name": "r_5.png", "width": 800, "height": 800, "position": [2.115995165208557, 3.271297017532276, -1.0227647433767173], "rotation": [[0.784332343789731, 0.339133341016176, -0.5194336834442997], [-0.5736639661766344, 0.7151790174756957, -0.3992851448188271], [0.23607716618893915, 0.6111526404865681, 0.7554866124760222]], "fy": 1110.2802384313484, "fx": 1110.02258519782}, {"id": 46, "img_name": "r_50.png", "width": 800, "height": 800, "position": [3.016288623911839, 3.956711948572679, 0.5166938158081508], "rotation": [[0.6764035568067968, 0.11518712765791209, -0.7274683181837093], [-0.6807009237754069, 0.47497858508279805, -0.5577110327795668], [0.28129074053445496, 0.8724260824474837, 0.3996851885608408]], "fy": 1110.2802384313484, "fx": 1110.02258519782}, {"id": 47, "img_name": "r_51.png", "width": 800, "height": 800, "position": [2.423564753045976, -1.8003273343773039, 1.2248106566262387], "rotation": [[-0.7252838966639731, 0.3546957640605557, -0.590045917024617], [-0.6351948870974654, -0.01424039095017018, 0.7722206075149923], [0.2655008938688545, 0.9348733209494667, 0.23562926204475215]], "fy": 1110.2802384313484, "fx": 1110.02258519782}, {"id": 48, "img_name": "r_52.png", "width": 800, "height": 800, "position": [-1.9198434424442408, 0.023135347666016496, -1.389023538643097], "rotation": [[-0.0019766467459899446, -0.9105036591819005, 0.41349628714658493], [0.9227968663135165, 0.15765239598931308, 0.3515560631830754], [-0.3852817623371178, 0.38226798015946645, 0.8398983003645182]], "fy": 1110.2802384313484, "fx": 1110.02258519782}, {"id": 49, "img_name": "r_53.png", "width": 800, "height": 800, "position": [-0.34749971522584927, -1.8261569324331648, -0.46242298035050106], "rotation": [[-0.9948996933402006, -0.08750005106242184, 0.050183077383196106], [0.09384097396972567, -0.6204465228041485, 0.778614143170193], [-0.036992861419300194, 0.7793522011288055, 0.62549314528594]], "fy": 1110.2802384313484, "fx": 1110.02258519782}, {"id": 50, "img_name": "r_54.png", "width": 800, "height": 800, "position": [1.1227306028172381, -0.8327554837225833, -1.1490867110636473], "rotation": [[-0.5706007225173333, 0.768520671136118, -0.2894663944211623], [-0.7566256447207154, -0.35493996348036183, 0.5491222596795011], [0.31926861608003243, 0.5323472554273668, 0.7840114478917326]], "fy": 1110.2802384313484, "fx": 1110.02258519782}, {"id": 51, "img_name": "r_55.png", "width": 800, "height": 800, "position": [-3.5393295083616847, 0.2883626436794362, -0.10202555567259121], "rotation": [[-0.07435333130784876, -0.6109459102885862, 0.7881729992996943], [0.9201944978796097, 0.2625737401987827, 0.29033965803884776], [-0.384335359023234, 0.7468601781188182, 0.5426658328518656]], "fy": 1110.2802384313484, "fx": 1110.02258519782}, {"id": 52, "img_name": "r_56.png", "width": 800, "height": 800, "position": [-3.747361785958123, 3.095442536440202, 0.43796199371398953], "rotation": [[0.5073544685649286, -0.2126129409274215, 0.8350971084714589], [0.7948039182957207, 0.4899186016646344, -0.35814312111883245], [-0.3329837453825159, 0.845443966855972, 0.41754799031712486]], "fy": 1110.2802384313484, "fx": 1110.02258519782}, {"id": 53, "img_name": "r_57.png", "width": 800, "height": 800, "position": [-0.04243174459371106, -0.12229131259119778, -1.7476779418080097], "rotation": [[0.022992371117597783, 0.9995290536942462, -0.020322935109752353], [-0.9223868821691271, 0.029049396864353937, 0.3851734312542], [0.38558240425712803, 0.009889558276374945, 0.9226204019879416]], "fy": 1110.2802384313484, "fx": 1110.02258519782}, {"id": 54, "img_name": "r_58.png", "width": 800, "height": 800, "position": [-1.4635765735266524, 0.2208480640680029, -1.6542046903067873], "rotation": [[0.20892074891395723, -0.9281764395832013, 0.30796203934232413], [0.9020713643250743, 0.3045188606943923, 0.3058357682582078], [-0.37764980383674257, 0.21390829924068236, 0.9009016956239059]], "fy": 1110.2802384313484, "fx": 1110.02258519782}, {"id": 55, "img_name": "r_59.png", "width": 800, "height": 800, "position": [-2.8817551940754518, -1.7844550893798716, 2.4928895952971803], "rotation": [[-0.7550223813161964, -0.1587784858082817, 0.6361844042068684], [0.6056184961520508, 0.20302947709282732, 0.7694187861951], [-0.2513313367452362, 0.9662134463335945, -0.057132611475496635]], "fy": 1110.2802384313484, "fx": 1110.02258519782}, {"id": 56, "img_name": "r_6.png", "width": 800, "height": 800, "position": [3.7776674768844756, 2.45305422135727, 0.6243775897459302], "rotation": [[0.35016426626524316, 0.2484538489113026, -0.9031365741636662], [-0.8651162837779133, 0.45543143230797883, -0.21013335291713087], [0.3591083432241814, 0.8548993481264695, 0.37441728378871747]], "fy": 1110.2802384313484, "fx": 1110.02258519782}, {"id": 57, "img_name": "r_60.png", "width": 800, "height": 800, "position": [3.3932680572072234, -0.9027835884717065, 1.6523680293403733], "rotation": [[-0.49879009577059435, 0.29847836838048125, -0.8137070135927836], [-0.7996487852261419, 0.20365700147494994, 0.5648766644468399], [0.33432059560774385, 0.9324347105074744, 0.13709576942169055]], "fy": 1110.2802384313484, "fx": 1110.02258519782}, {"id": 58, "img_name": "r_61.png", "width": 800, "height": 800, "position": [-0.637825613355008, 2.2683575741898685, -1.9908046745525692], "rotation": [[0.9776223119988584, -0.17467222238438407, 0.1172357872379725], [0.19281318427434502, 0.9668681557787538, -0.16729926871023346], [-0.08412901432915008, 0.18616010332047978, 0.9789109892527073]], "fy": 1110.2802384313484, "fx": 1110.02258519782}, {"id": 59, "img_name": "r_62.png", "width": 800, "height": 800, "position": [-2.436643877493408, 3.0882913977212714, -1.0730807837491059], "rotation": [[0.7620280221073821, -0.36764607958458023, 0.5330568953584597], [0.5965014042191968, 0.7188878998609924, -0.3569121211138372], [-0.25199080992694467, 0.5899462243285744, 0.7671141271758862]], "fy": 1110.2802384313484, "fx": 1110.02258519782}, {"id": 60, "img_name": "r_63.png", "width": 800, "height": 800, "position": [-2.5546083325274815, 1.5733562351169814, -1.3379176341186796], "rotation": [[0.5032357123492168, -0.6579281834958739, 0.5602538024665213], [0.7970381984657638, 0.6038911851836676, -0.006748825372979722], [-0.3338920903567886, 0.4499399313456021, 0.8282935048507195]], "fy": 1110.2802384313484, "fx": 1110.02258519782}, {"id": 61, "img_name": "r_64.png", "width": 800, "height": 800, "position": [-0.1297514559741093, -0.09533585749212432, -1.759470569656699], "rotation": [[0.881628116514877, 0.4719447326645502, -0.00018297709273603683], [-0.436675918232516, 0.8158902686517642, 0.3789950025463936], [0.17901398438730778, -0.33405274857354195, 0.9253987003255637]], "fy": 1110.2802384313484, "fx": 1110.02258519782}, {"id": 62, "img_name": "r_65.png", "width": 800, "height": 800, "position": [-0.8842969087690068, 0.14408844983668448, -1.7771944583310322], "rotation": [[0.33361293659769375, -0.9264615524814755, 0.1742739232021746], [0.8691354268089719, 0.3738724144889008, 0.32376384534074476], [-0.365110967241809, 0.04345583341570858, 0.9299492309486023]], "fy": 1110.2802384313484, "fx": 1110.02258519782}, {"id": 63, "img_name": "r_66.png", "width": 800, "height": 800, "position": [0.14387665577943032, 3.767979081372908, -1.4570805866918266], "rotation": [[0.9967333894526921, 0.049968992709718746, -0.06344801114080753], [-0.07554915183896703, 0.8545694421303577, -0.5138126061449075], [0.02854603311426414, 0.5169276238938921, 0.8555530115947544]], "fy": 1110.2802384313484, "fx": 1110.02258519782}, {"id": 64, "img_name": "r_67.png", "width": 800, "height": 800, "position": [-3.721749858089848, 1.8986626535061273, -0.14399905218017492], "rotation": [[0.329061665087286, -0.4507849346863018, 0.8297658484354782], [0.8707020774889861, 0.48495443042441105, -0.08183576643557677], [-0.3655082937859905, 0.7494078616291672, 0.5520792914990132]], "fy": 1110.2802384313484, "fx": 1110.02258519782}, {"id": 65, "img_name": "r_68.png", "width": 800, "height": 800, "position": [0.7233690627999826, -2.08089234120794, 0.04458376793484585], "rotation": [[-0.9451450882008661, 0.2603359389337184, -0.19729663238199424], [-0.3004126043256301, -0.4555823155945003, 0.8379719690298985], [0.12826936271794953, 0.8512754857371684, 0.508799585269956]], "fy": 1110.2802384313484, "fx": 1110.02258519782}, {"id": 66, "img_name": "r_69.png", "width": 800, "height": 800, "position": [1.770820214868346, -2.3110729400915337, 1.698527269843369], "rotation": [[-0.8691080281149277, 0.22834613878138724, -0.4387587906467668], [-0.4557857638115385, -0.025175432858578883, 0.889733406750087], [0.19212124550115284, 0.9732544572125085, 0.12595709008654937]], "fy": 1110.2802384313484, "fx": 1110.02258519782}, {"id": 67, "img_name": "r_7.png", "width": 800, "height": 800, "position": [1.4640851381578637, -2.1863379724595995, 0.7136422389456359], "rotation": [[-0.8722359785916892, 0.3225980385289489, -0.36760699556383886], [-0.4506155956729479, -0.23787722992894722, 0.8604417519028493], [0.19013148762504292, 0.9161576987716716, 0.35285278572640294]], "fy": 1110.2802384313484, "fx": 1110.02258519782}, {"id": 68, "img_name": "r_70.png", "width": 800, "height": 800, "position": [2.307090657840976, 4.520246130253722, 0.26492341554235643], "rotation": [[0.8210447739504622, 0.09228745918295439, -0.5633546876046999], [-0.5279262269497245, 0.49823430225586224, -0.6877910140109726], [0.2172081445693563, 0.8621169322853881, 0.45779364019126434]], "fy": 1110.2802384313484, "fx": 1110.02258519782}, {"id": 69, "img_name": "r_71.png", "width": 800, "height": 800, "position": [0.6433937284818417, -1.6681553782408325, -0.549139206450642], "rotation": [[-0.9230543241972677, 0.3405734322000815, -0.17883079114118244], [-0.3537678995671772, -0.5690256364309335, 0.7423328756832733], [0.15105955056385018, 0.7484781642531912, 0.6457255220444832]], "fy": 1110.2802384313484, "fx": 1110.02258519782}, {"id": 70, "img_name": "r_72.png", "width": 800, "height": 800, "position": [-4.226679677510344, 0.24670447942652274, 1.7596798880121343], "rotation": [[-0.2394013038890527, -0.2126795525219515, 0.9473407114841441], [0.895979017412908, 0.32749711425725275, 0.29994539587893676], [-0.37404360180602175, 0.920604718699744, 0.11215318031934644]], "fy": 1110.2802384313484, "fx": 1110.02258519782}, {"id": 71, "img_name": "r_73.png", "width": 800, "height": 800, "position": [2.5836799569574156, -1.5288869254332058, 0.8459215964198551], "rotation": [[-0.6461482053316521, 0.43556085175097603, -0.6267210233976905], [-0.7045895482353082, -0.024820188537565204, 0.7091808843719094], [0.29333609608135275, 0.8998170384377724, 0.32292914404374773]], "fy": 1110.2802384313484, "fx": 1110.02258519782}, {"id": 72, "img_name": "r_74.png", "width": 800, "height": 800, "position": [-0.4840848302752813, -2.7155320487756502, 2.9524704746662813], "rotation": [[-0.9964939764112811, -0.016233602714288142, 0.0820745095565473], [0.07829160929686975, 0.16494866312373369, 0.9831898913472408], [-0.029498794716723807, 0.986168549831421, -0.16309939433870657]], "fy": 1110.2802384313484, "fx": 1110.02258519782}, {"id": 73, "img_name": "r_75.png", "width": 800, "height": 800, "position": [0.14325541857624877, 1.2546048888222292, -2.066956734013452], "rotation": [[0.9786605688808518, 0.1955013339304297, -0.06326704789406677], [-0.1912865830628766, 0.9792447056973416, 0.06700186194320251], [0.07505287508108362, -0.053469942913279465, 0.995744962903109]], "fy": 1110.2802384313484, "fx": 1110.02258519782}, {"id": 74, "img_name": "r_76.png", "width": 800, "height": 800, "position": [1.6389248409631336, 4.122301183507728, -0.7461307926151564], "rotation": [[0.8934944891956724, 0.18553935047989556, -0.40895323351266355], [-0.4154046659551935, 0.6874439774210056, -0.5957010503685902], [0.17060645145954695, 0.7021366870710332, 0.6913013173640674]], "fy": 1110.2802384313484, "fx": 1110.02258519782}, {"id": 75, "img_name": "r_77.png", "width": 800, "height": 800, "position": [-3.070777214985852, 1.295823300237036, -0.9165864186651037], "rotation": [[0.32016308956108713, -0.6597830481090003, 0.6798396322006356], [0.873671669920804, 0.483116033644174, 0.057416994119467185], [-0.3663241860162835, 0.5755738245124752, 0.7311096793748456]], "fy": 1110.2802384313484, "fx": 1110.02258519782}, {"id": 76, "img_name": "r_78.png", "width": 800, "height": 800, "position": [-1.0250822770506907, 1.2305898727468787, -1.9759218304287933], "rotation": [[0.8351778745355648, -0.5096356493389119, 0.20675933548249262], [0.5063618113801921, 0.8592607621686973, 0.07258552591970324], [-0.2146523558268744, 0.0440732063750159, 0.9756956075630341]], "fy": 1110.2802384313484, "fx": 1110.02258519782}, {"id": 77, "img_name": "r_79.png", "width": 800, "height": 800, "position": [1.1873602463543358, -0.5288405438709457, -1.3218104745383488], "rotation": [[-0.37554246289600735, 0.875427602323667, -0.3042932330036875], [-0.8548172302841576, -0.2003033245373571, 0.47871294215699167], [0.3581275769489443, 0.43989213594825466, 0.8235530021556354]], "fy": 1110.2802384313484, "fx": 1110.02258519782}, {"id": 78, "img_name": "r_8.png", "width": 800, "height": 800, "position": [-3.1405616968032746, 3.1956683728509563, -0.3875082517551998], "rotation": [[0.6453070909228024, -0.31573315334251423, 0.6956229828615084], [0.7042996090124143, 0.5985712323579856, -0.3816733427139009], [-0.2958729780661127, 0.7362235093188987, 0.608632997114398]], "fy": 1110.2802384313484, "fx": 1110.02258519782}, {"id": 79, "img_name": "r_80.png", "width": 800, "height": 800, "position": [1.5222360042287768, 3.9921204809080115, -0.9159608236125762], "rotation": [[0.9024282384898443, 0.19909062101651712, -0.38208140362935], [-0.39876190209363993, 0.7217492528308561, -0.5657446079961906], [0.1631325222473404, 0.662903417294977, 0.730716661589061]], "fy": 1110.2802384313484, "fx": 1110.02258519782}, {"id": 80, "img_name": "r_81.png", "width": 800, "height": 800, "position": [-0.4851893158554972, -2.7625613563023297, 1.9373252404002734], "rotation": [[-0.9958861286273909, -0.03821935867009705, 0.0821589887376546], [0.08461788412434156, -0.06792009649444081, 0.9940959079377125], [-0.03241346161500005, 0.9969584450291958, 0.07087472321710055]], "fy": 1110.2802384313484, "fx": 1110.02258519782}, {"id": 81, "img_name": "r_82.png", "width": 800, "height": 800, "position": [-1.8536656039809851, 1.6273051245000918, -1.7222823888900063], "rotation": [[0.6839855235607535, -0.611179410645903, 0.3982756979302759], [0.6723715455091817, 0.7399651608505778, -0.019185033671402302], [-0.28298464330934336, 0.28091153185639234, 0.9170651028804765]], "fy": 1110.2802384313484, "fx": 1110.02258519782}, {"id": 82, "img_name": "r_83.png", "width": 800, "height": 800, "position": [1.2738195256534648, 1.505694521962556, -1.8512593810635407], "rotation": [[0.7337607748497801, 0.5970051796288932, -0.32431457073052256], [-0.6286926507938083, 0.7776016735007276, 0.009010449862368744], [0.257566838179345, 0.1972826724908715, 0.9459063753909023]], "fy": 1110.2802384313484, "fx": 1110.02258519782}, {"id": 83, "img_name": "r_84.png", "width": 800, "height": 800, "position": [0.9746805260137001, -1.9623242878493212, -0.03418581991987491], "rotation": [[-0.9039219692492924, 0.34307000370708957, -0.25539781922502414], [-0.39359942559307975, -0.4336137076000207, 0.8105915400213359], [0.16734564733293256, 0.8332359360575975, 0.5269851128646243]], "fy": 1110.2802384313484, "fx": 1110.02258519782}, {"id": 84, "img_name": "r_85.png", "width": 800, "height": 800, "position": [-1.4041737987890002, 3.0171750331703455, -1.616175704035583], "rotation": [[0.9138996505484429, -0.279319969830085, 0.2945637166752794], [0.3734874963599234, 0.8628598914251052, -0.34055821504208617], [-0.1590425062372639, 0.4212518987778879, 0.8928898694608388]], "fy": 1110.2802384313484, "fx": 1110.02258519782}, {"id": 85, "img_name": "r_86.png", "width": 800, "height": 800, "position": [1.3630607556728558, -2.4695136155632285, 1.5606521603527348], "rotation": [[-0.9168315409307399, 0.20238589075512353, -0.34418000635978285], [-0.36745305327005234, -0.09046340298638367, 0.9256320145514841], [0.1561991651612804, 0.9751186204474706, 0.15730701465459415]], "fy": 1110.2802384313484, "fx": 1110.02258519782}, {"id": 86, "img_name": "r_87.png", "width": 800, "height": 800, "position": [1.4506189924055262, -2.30729458594203, 1.0247324141720002], "rotation": [[-0.889267661660089, 0.27642364506666656, -0.36440773094660683], [-0.42128256145990384, -0.1847577005163938, 0.8879108038027675], [0.17811240646114299, 0.9431089865693952, 0.2807515095536774]], "fy": 1110.2802384313484, "fx": 1110.02258519782}, {"id": 87, "img_name": "r_88.png", "width": 800, "height": 800, "position": [2.6563399669743393, 1.3341719088503567, -1.0532069573655514], "rotation": [[0.356231198445577, 0.6764921690950539, -0.6445600657868104], [-0.863942052995907, 0.5012410901578287, 0.04859525288142018], [0.3559542980766571, 0.5395514013423195, 0.7630077476607255]], "fy": 1110.2802384313484, "fx": 1110.02258519782}, {"id": 88, "img_name": "r_89.png", "width": 800, "height": 800, "position": [2.655612971224548, -1.7078826574210966, 1.5996688569888493], "rotation": [[-0.7023711338652187, 0.304249391410269, -0.6435115369124073], [-0.6566001384556913, 0.07216919163193973, 0.750778173603335], [0.2748655098277235, 0.9498546813095534, 0.14908063556838072]], "fy": 1110.2802384313484, "fx": 1110.02258519782}, {"id": 89, "img_name": "r_9.png", "width": 800, "height": 800, "position": [-0.6662410515858478, -2.753132241607807, 2.20851498107455], "rotation": [[-0.991033301943878, -0.04982121173217576, 0.12397919704430413], [0.12424311623559368, -0.0022237999123839365, 0.9922493148307122], [-0.049159358277762646, 0.9987556766174032, 0.008393802370272015]], "fy": 1110.2802384313484, "fx": 1110.02258519782}, {"id": 90, "img_name": "r_90.png", "width": 800, "height": 800, "position": [3.197285698185861, -1.2243938820304043, 2.3123469833257944], "rotation": [[-0.6125078306611298, 0.18361420821864008, -0.7688432739635815], [-0.7293388471173562, 0.24376571168509553, 0.6392520034322806], [0.30479337831442893, 0.9522941249146193, -0.015391432317255156]], "fy": 1110.2802384313484, "fx": 1110.02258519782}, {"id": 91, "img_name": "r_91.png", "width": 800, "height": 800, "position": [3.876686912429521, 0.42027613119363316, 1.0483158510879331], "rotation": [[-0.14229584478000068, 0.35130019568814963, -0.9253864409357926], [-0.9134985642092768, 0.31338837668263736, 0.259438043755751], [0.3811459900693373, 0.8822561407378747, 0.2763183605632739]], "fy": 1110.2802384313484, "fx": 1110.02258519782}, {"id": 92, "img_name": "r_92.png", "width": 800, "height": 800, "position": [-4.008566235362132, 2.6107966476391504, 0.6423139036000033], "rotation": [[0.382029619979496, -0.22785042803211886, 0.8956213217113032], [0.852416654913714, 0.4612401081250079, -0.24625882539016794], [-0.35698629649334723, 0.8575206966029514, 0.3704308829100951]], "fy": 1110.2802384313484, "fx": 1110.02258519782}, {"id": 93, "img_name": "r_93.png", "width": 800, "height": 800, "position": [-3.032232446116092, -1.317544605690851, 0.7931500283616182], "rotation": [[-0.583992205621966, -0.45707747336254645, 0.6708452035434865], [0.7500429169714792, 0.012239818056236581, 0.6612758951866196], [-0.3104653386027274, 0.8893426618567563, 0.33567976305972486]], "fy": 1110.2802384313484, "fx": 1110.02258519782}, {"id": 94, "img_name": "r_94.png", "width": 800, "height": 800, "position": [-0.10294488247950165, 0.5848620117613029, -1.9766260321370486], "rotation": [[0.997848411620634, 0.06525129244190717, -0.006388760508766065], [-0.06221565672686602, 0.9731314929259469, 0.22168515857802126], [0.020682347164246887, -0.22081070243622336, 0.9750973665257225]], "fy": 1110.2802384313484, "fx": 1110.02258519782}, {"id": 95, "img_name": "r_95.png", "width": 800, "height": 800, "position": [-4.1508575446718945, 0.05865377032894858, 1.6733201817292334], "rotation": [[-0.2751305987276931, -0.2443798117517728, 0.9298288343840003], [0.8872757684083422, 0.30786592998286755, 0.34345346111397596], [-0.3701957109950441, 0.9195091499076842, 0.13212894761149613]], "fy": 1110.2802384313484, "fx": 1110.02258519782}, {"id": 96, "img_name": "r_96.png", "width": 800, "height": 800, "position": [3.189994054878763, -1.233680270964782, 2.142628601735149], "rotation": [[-0.6047019890255879, 0.2147096383786458, -0.7669649768117239], [-0.7347015153505472, 0.22140128839046536, 0.641245002195457], [0.3074885165499795, 0.9512524589646816, 0.02386569721461712]], "fy": 1110.2802384313484, "fx": 1110.02258519782}, {"id": 97, "img_name": "r_97.png", "width": 800, "height": 800, "position": [0.3541760517591579, -0.1294634334465608, -1.7173691663345991], "rotation": [[-0.03300246006906676, 0.9931624523112315, -0.1119784843107385], [-0.9220873301430472, 0.012966819052727502, 0.3867645500731949], [0.3855720337616003, 0.11601812325147512, 0.9153545771219744]], "fy": 1110.2802384313484, "fx": 1110.02258519782}, {"id": 98, "img_name": "r_98.png", "width": 800, "height": 800, "position": [-3.905331726417856, -0.5668880306412786, 2.2338844713457537], "rotation": [[-0.45784523079053313, -0.16929098888740127, 0.8727647482133368], [0.820364915215737, 0.29786905498996663, 0.48813464532079776], [-0.3426064075954214, 0.9394756980150737, 0.002502461518162004]], "fy": 1110.2802384313484, "fx": 1110.02258519782}, {"id": 99, "img_name": "r_99.png", "width": 800, "height": 800, "position": [-0.3034303744631921, 3.0929807220785728, -1.7919345233579267], "rotation": [[0.9985036626138346, -0.037330484715350234, 0.03996086407567436], [0.04918286178480418, 0.9324944238841283, -0.3578200602700532], [-0.023905686633401004, 0.35925003039098646, 0.9329351176853946]], "fy": 1110.2802384313484, "fx": 1110.02258519782}]